flights: 0,1,2,3,4,5,6,7,8,9,10,11,12,13,14,15,16,17,18,19,20,21,22,23,24,25,26,27,28,29,30,31

passengers: 0,1,2,3,4,5,6,7,8,9,10,11,12,13,14,15,16,17,18,19,20,21,22,23,24,25,26,27

baggage: 0,1,2,3,4,5,6,7,8,9,10,11,12,13,14,15,16,17

gate_events: 0,1,2,3,4,5,6,7,8,9,10,11,12,13

security_screening: 0,1,2,3,4,5,6,7,8,9,10,11,12,13,14,15,16,17,18,19

maintenance_logs: 0,1,2,3,4,5,6,7,8,9,10,11,12,13,14,15

staff_shifts: 0,1,2,3,4,5,6,7,8,9,10,11,12,13,14

retail_transactions: 0,1,2,3,4,5,6,7,8,9,10,11,12,13,14,15,16

